000000010100
000000010101
000000010110
000000010111
000000011000
000000011001
000000011010
000000011011
000000011100
000000011101
000000011110
000000011111
000000100000
000000100001
000000100010
000000100011
000000100100
000000100101
000000100110
000000100111
000001010100
000001010101
000001010110
000001010111
000001011000
000001011001
000001011010
000001011011
000001011100
000001011101
000001011110
000001011111
000001100000
000001100001
000001100010
000001100011
000001100100
000001100101
000001100110
000001100111
000010010100
000010010101
000010010110
000010010111
000010011000
000010011001
000010011010
000010011011
000010011100
000010011101
000010011110
000010011111
000010100000
000010100001
000010100010
000010100011
000010100100
000010100101
000010100110
000010100111
000011010100
000011010101
000011010110
000011010111
000011011000
000011011001
000011011010
000011011011
000011011100
000011011101
000011011110
000011011111
000011100000
000011100001
000011100010
000011100011
000011100100
000011100101
000011100110
000011100111
000100010100
000100010101
000100010110
000100010111
000100011000
000100011001
000100011010
000100011011
000100011100
000100011101
000100011110
000100011111
000100100000
000100100001
000100100010
000100100011
000100100100
000100100101
000100100110
000100100111
000101010100
000101010101
000101010110
000101010111
000101011000
000101011001
000101011010
000101011011
000101011100
000101011101
000101011110
000101011111
000101100000
000101100001
000101100010
000101100011
000101100100
000101100101
000101100110
000101100111
000110010100
000110010101
000110010110
000110010111
000110011000
000110011001
000110011010
000110011011
000110011100
000110011101
000110011110
000110011111
000110100000
000110100001
000110100010
000110100011
000110100100
000110100101
000110100110
000110100111
000111010100
000111010101
000111010110
000111010111
000111011000
000111011001
000111011010
000111011011
000111011100
000111011101
000111011110
000111011111
000111100000
000111100001
000111100010
000111100011
000111100100
000111100101
000111100110
000111100111
001000010100
001000010101
001000010110
001000010111
001000011000
001000011001
001000011010
001000011011
001000011100
001000011101
001000011110
001000011111
001000100000
001000100001
001000100010
001000100011
001000100100
001000100101
001000100110
001000100111
001001010100
001001010101
001001010110
001001010111
001001011000
001001011001
001001011010
001001011011
001001011100
001001011101
001001011110
001001011111
001001100000
001001100001
001001100010
001001100011
001001100100
001001100101
001001100110
001001100111
001010010100
001010010101
001010010110
001010010111
001010011000
001010011001
001010011010
001010011011
001010011100
001010011101
001010011110
001010011111
001010100000
001010100001
001010100010
001010100011
001010100100
001010100101
001010100110
001010100111
001011010100
001011010101
001011010110
001011010111
001011011000
001011011001
001011011010
001011011011
001011011100
001011011101
001011011110
001011011111
001011100000
001011100001
001011100010
001011100011
001011100100
001011100101
001011100110
001011100111
001100010100
001100010101
001100010110
001100010111
001100011000
001100011001
001100011010
001100011011
001100011100
001100011101
001100011110
001100011111
001100100000
001100100001
001100100010
001100100011
001100100100
001100100101
001100100110
001100100111
001101010100
001101010101
001101010110
001101010111
001101011000
001101011001
001101011010
001101011011
001101011100
001101011101
001101011110
001101011111
001101100000
001101100001
001101100010
001101100011
001101100100
001101100101
001101100110
001101100111
001110010100
001110010101
001110010110
001110010111
001110011000
001110011001
001110011010
001110011011
001110011100
001110011101
001110011110
001110011111
001110100000
001110100001
001110100010
001110100011
001110100100
001110100101
001110100110
001110100111
001111010100
001111010101
001111010110
001111010111
001111011000
001111011001
001111011010
001111011011
001111011100
001111011101
001111011110
001111011111
001111100000
001111100001
001111100010
001111100011
001111100100
001111100101
001111100110
001111100111
010000010100
010000010101
010000010110
010000010111
010000011000
010000011001
010000011010
010000011011
010000011100
010000011101
010000011110
010000011111
010000100000
010000100001
010000100010
010000100011
010000100100
010000100101
010000100110
010000100111
010001010100
010001010101
010001010110
010001010111
010001011000
010001011001
010001011010
010001011011
010001011100
010001011101
010001011110
010001011111
010001100000
010001100001
010001100010
010001100011
010001100100
010001100101
010001100110
010001100111
010010010100
010010010101
010010010110
010010010111
010010011000
010010011001
010010011010
010010011011
010010011100
010010011101
010010011110
010010011111
010010100000
010010100001
010010100010
010010100011
010010100100
010010100101
010010100110
010010100111
010011010100
010011010101
010011010110
010011010111
010011011000
010011011001
010011011010
010011011011
010011011100
010011011101
010011011110
010011011111
010011100000
010011100001
010011100010
010011100011
010011100100
010011100101
010011100110
010011100111
000000000000
000000000000
000000000000
000000000000
000000000000
000000000000
000000000000
000000000000
000000000000
000000000000
000000000000
000000000000
000000000000
000000000000
000000000000
000000000000
000000000000
000000000000
000000000000
000000000000
000000000000
000000000000
000000000000
000000000000
000000000000
000000000000
000000000000
000000000000
000000000000
000000000000
000000000000
000000000000
000000000000
000000000000
000000000000
000000000000
000000000000
000000000000
000000000000
000000000000
000000000000
000000000000
000000000000
000000000000
000000000000
000000000000
000000000000
000000000000
000000000000
000000000000
000000000000
000000000000
000000000000
000000000000
000000000000
000000000000
000000000000
000000000000
000000000000
000000000000
000000000000
000000000000
000000000000
000000000000
000000000000
000000000000
000000000000
000000000000
000000000000
000000000000
000000000000
000000000000
000000000000
000000000000
000000000000
000000000000
000000000000
000000000000
000000000000
000000000000
000000000000
000000000000
000000000000
000000000000
000000000000
000000000000
000000000000
000000000000
000000000000
000000000000
000000000000
000000000000
000000000000
000000000000
000000000000
000000000000
000000000000
000000000000
000000000000
000000000000
000000000000
000000000000
000000000000
000000000000
000000000000
000000000000
000000000000
000000000000
000000000000
000000000000
000000000000
000000000000
